<?xml version="1.0" encoding="utf-8"?>
<opencv_storage>
   <matrix type_id="opencv-matrix">
   <rows>576</rows>
   <cols>1</cols>
   <dt>d</dt>
   <data>
0.189706871465696
1.345101243988828
0.139083052372995
-0.053437698823214
-0.065980076195242
-0.674296760775306
-0.622173357167977
-1.091140583191963
0.537742089397878
0.888152638365465
0.470408457990269
0.374813644816963
-0.708216832149978
-1.108977747279360
0.521860111578704
0.466537243528036
0.811363919482397
1.075523543885684
0.187130396460646
-0.223499050500133
0.531544468139272
-0.431455617844056
0.635425534486058
0.049875037759877
-0.201878191126919
-0.049539917074265
-1.484487894079700
-0.196190112203532
-0.299582149762972
0.024753216473625
-0.036831752457187
0.133344540831669
-0.379239677141951
0.339450336829254
0.256013001422931
0.973503128569132
-0.776781189744125
-0.262088104893217
1.425570733087987
-0.193568502343581
-0.249079371931226
-0.309157941105208
-0.900006525486362
0.255806942810853
-0.829421510808347
0.514945505504589
-0.345932487511362
-0.539554626567928
-0.113078612586475
-1.794809092789880
-0.283896602167215
0.684402319058048
0.119178839787218
0.745606426920514
0.415575961342533
0.129580999244242
0.285343051630403
1.120355728435002
0.882080126812304
0.342669351402152
0.006491164863285
-0.402132254891520
-0.763033344219849
-0.056265028587042
0.630479440103344
-0.522991791798658
0.784656180515237
-0.284552877984533
0.468391893723556
0.759516133448650
0.448356794259571
-0.688143998619887
0.714983073604108
-0.106276975773272
-0.625457648040857
0.681813681211108
0.603214829622201
0.226375205937732
0.156259087989397
1.543604574373943
0.464819883158675
0.167077476601971
-0.094158366118056
0.055564472643409
0.275004034198641
-0.358018474189103
0.582235994095588
0.392575614888269
-0.164374771537106
0.930676019426214
0.589498804909444
0.627919417062248
0.747716834828927
-0.027644765775446
0.711159511662913
0.518631916173013
0.665652419742185
1.104671044392902
0.445340088552911
-0.887156498567984
-0.313605174907102
0.842566571262872
-0.035710767229695
0.011432967494445
0.388395516922315
0.016032013680355
1.392855274392992
0.973610066812948
-0.750269231869597
-0.249371542056156
0.052780497352931
-0.261976043773627
-1.073893469437816
-0.592209901056654
0.226108010955408
-0.553486723531396
-0.157769465239816
1.463816550948236
-0.672955292398883
1.245354783549398
0.010654083108566
0.622789933636391
-0.450673576838144
0.467457981373794
0.794381961288427
0.749827616106500
-0.826347406946065
0.575407327635558
0.723346525630905
0.261910208630163
-0.897900560398415
-0.725351203826000
-0.669305837377741
-0.201568783986678
-0.828019969100592
-1.247315002843970
0.351423707010944
-0.421262764400593
-0.362501816679032
0.071794357954330
-0.803074467608895
0.226608680624279
0.345222706570715
-1.334624545577464
0.764158963489323
0.746888734203753
0.110282773257530
0.583643167666613
-1.489531518212472
0.490820511850494
-0.972435818722619
-0.119981169781536
-0.633832810611470
0.474074055342712
-0.273597306512795
-0.578645431790424
-0.106602899392819
-0.298887464695606
0.286123913051153
-1.180119521727235
0.314724354686957
0.718366426020632
-1.102837415882620
-0.171434533285957
-0.274152761523619
1.233453747983198
-1.116674723144228
0.328745800101549
-1.471888930052561
0.424487078302402
-0.781887400030494
0.619532879996070
-0.380243582310376
-0.802136473733695
0.235245525323662
0.488777194746262
1.240547009962771
1.652213255033189
0.732949890580427
-0.700429407840813
-0.606557645426396
-0.658758215548524
-0.342043462960838
-0.265958562934413
-0.025015806683600
-0.079061889707467
0.288937151638513
-0.233445451817628
0.881608826614861
-0.369071385406581
0.484899432305239
0.645140229420239
1.044552874607857
0.599713546940418
3.236219211370311
1.083029916589211
0.032410995794503
0.169510356481745
0.048731128377129
0.711798527331537
-0.300732974723479
0.219319872803418
0.985207303518552
0.311621976436749
-0.069373817647131
-1.200758510307304
0.487949674629794
-0.335922653191310
2.065839835988258
2.035148452473699
0.666559395085676
-1.286926607189588
-0.874920430093085
0.217132565373595
-0.267359125468725
-0.616538863482170
0.475378391607530
0.506990647094484
0.009563709611989
-0.295022059563902
-0.853696253785855
-0.018404889491173
-0.813142553604814
0.065164415288468
-0.553985338513685
-0.258139431508339
0.758583883122039
-0.145672187654418
-0.004044572620460
-0.533531341347522
0.168071853133179
1.193716269855697
0.674540922166120
-0.463384750737883
1.741914052962240
0.444780138821372
0.287723750539839
1.048365784867779
0.922070973388050
0.743578876111149
-0.314191403592442
-0.784943723329952
0.661078889357211
0.189503918798872
0.571902619293420
-0.383283031258310
1.198168032516681
0.931426956435139
0.854002226871812
1.127996352832639
-0.152879155619491
0.536718428266574
0.301739782586487
0.583808386057093
0.702291657308562
-1.461569312557050
-0.411151990214658
0.148963261784140
-0.775976882217014
0.010553305947124
-0.288620326871444
-0.222449189040083
-0.524374924907823
-1.165438716336744
-0.349044147495889
-0.842807178330491
0.075421105153208
1.574298476320946
1.765598795687442
0.252424000577974
-0.057275135071309
-0.154298011039538
0.005716090153392
0.558190134278840
0.073740039786373
1.928857652515248
0.303008027843283
-0.106682390290027
-0.049017348523485
-0.184072791417649
-0.098892655311440
1.067579358333237
1.172642692667386
0.924677736096034
-0.184715974312617
0.491601552660570
0.043602347807203
-0.037135067294321
-1.153802446042494
-0.640624668604316
-0.384017216002025
-0.012063909849651
-2.537350170000301
1.460006159198923
-0.321981311187337
-1.325615255806711
-0.630335768297446
0.214472142433892
1.150768154316065
1.497106388448867
0.472036103115940
0.507585099805013
0.778350383216034
-0.700237327318574
0.302503203686696
-0.720612813988299
-0.348426477757394
-0.476394144729247
0.129703845910451
0.495416474209757
-0.037442504280307
0.490604931947984
0.000542317937361
0.164587317674984
0.253413348764440
0.240971750812721
0.814077095142746
0.179444315405696
-0.109842220264433
-0.613660475365808
0.412473427674008
-0.323500843167282
0.221184142235526
0.799446440468934
-0.950824157535415
-1.762793728736860
-0.616445967056735
0.823896694899137
0.269166166878748
-0.576883172147444
-0.702113345228073
0.018906030789541
-0.227381717197187
-0.887682645861796
0.471960440827352
1.082806498443570
-1.677677558446018
-1.322322756816836
0.000164202794685
1.800133973323240
0.725094625201877
0.495262219821388
0.536755663035224
0.849587311239409
-0.041222414204810
0.847300777579900
0.750141572508265
-0.804458576434251
-0.555960770216573
-0.777301256760240
-0.876995191472944
-0.651430389050317
0.906983966530524
0.423108539257632
1.353902745358180
1.309144768871187
1.183980009922581
0.408149809238243
0.527106824322598
-0.978586049917792
0.706974462207587
-1.289691820739407
0.168921071666511
0.045154826808594
-0.499445564202333
0.363752119242382
0.399426012923717
0.938227819916561
2.018006168710130
0.053068712019169
0.203326879079198
0.730723169176996
0.085228728756952
0.431041309077635
1.240214663218020
-0.006773276201930
0.811734055295665
0.915888553793637
0.078507349607332
-0.781486641111001
-0.838486472398071
0.597331470338473
-0.559601040025947
0.096946863204745
0.547454571690249
-0.417436244719844
0.900790587818149
-0.031346887033859
-0.078786508638165
1.742177922741335
0.112830741686613
-0.039227479357925
0.006817532363807
-0.175150202188265
0.891182540491044
1.168880202506474
-0.524829900155170
0.309619502777712
0.906964430594966
2.418461374880377
1.353824528353769
0.889091612034775
0.833128132338092
0.153137592518142
-0.667592596810883
0.024547007686314
0.118091556714667
0.728360074893885
0.184556291994929
-0.619313442782079
0.953529051970529
0.692591331468673
-0.333193697193731
-0.219499020811872
0.978794973200077
1.422812000490278
-0.119260916543054
-0.196487682606778
0.895649121520661
0.027290163789722
-0.069420527287679
0.948287498063668
-0.369061805513242
0.446073109091018
0.308734609786234
