<?xml version="1.0" encoding="utf-8"?>
<opencv_storage>
   <matrix type_id="opencv-matrix">
   <rows>576</rows>
   <cols>1</cols>
   <dt>d</dt>
   <data>
0.187673178478735
1.216706414029166
0.563564695871498
-0.269636832637641
0.083627733110015
-0.984207395472235
-1.054831752720069
-0.973415178224387
0.593323924133950
0.563532676761491
0.728551183194768
0.356165547125758
-0.361558875742310
-1.134227590492005
0.037397747170902
0.825216266307630
0.978010887158922
0.781988051259748
-0.019681609360860
-0.407143497272022
0.469961494772265
-0.178083601723719
-0.189384641467538
0.060049915155408
-0.683614977521239
-0.204391844181613
-1.590311402749517
-0.203017578589461
-0.322319394776495
-0.385608189504475
0.269954222397967
0.296100550836703
-0.596942223539432
0.041256250305853
0.461487347236661
0.953035815183267
-0.789691524313273
-0.036095977913720
1.146440638543691
-0.440126115945209
-0.043116089220367
-0.295235183064349
-1.094713814067703
0.138853640311073
-0.493637450579588
0.436665539644112
-0.043480257337960
-0.281208289331452
-0.435474154794568
-1.327416712782052
-0.112107621931018
0.502338394087092
0.259856376804785
0.888722974580537
0.506032264263001
0.034837887820450
0.371738741700123
1.240434056318343
0.648059759307728
0.388053081482735
0.278179503203831
-0.545351244846635
-0.863085752964388
-0.023583595890892
0.364236878857216
-0.368954214591461
1.084227505135962
-0.549941953592947
0.178698526691615
0.663872542150507
0.343316217412208
-0.299303307216437
0.706488172715966
0.020895061711374
-0.499417465846145
0.340801222413503
0.634423347583128
0.242246515700986
0.322337824691021
1.526928874526249
0.592209225859734
-0.012458873369636
-0.401959566342838
0.515685804693563
0.141218128310694
0.112836737535999
0.206236602437013
0.191006618095528
-0.065867522710006
1.103756852497110
0.666031717162416
0.569732575312090
0.807260896126828
-0.044546078573980
0.533778235906558
0.619809467991368
1.007104529945602
1.374179946025833
0.172963279226327
-1.029265647394906
-0.105736416304382
0.665899867018241
-0.084512351970010
-0.156522673292865
0.453074861769095
-0.033340384887659
1.649279066320016
0.951585396976941
-0.875327639924502
-0.384613190557334
0.221043966891444
-0.247394187349428
-0.707694973611018
-0.984874624559187
0.157200978533402
-0.256445991062358
-0.119155026813595
1.230053342790040
-0.723457786811538
1.491639727151772
0.094791834239479
0.833984645569048
-0.941201040563523
0.909898329449619
0.407478819788525
0.596405210268923
-0.918844556494271
0.089948089238090
0.371280958263848
-0.409402808063394
-0.749677763277911
-0.272240991115097
-0.790440714425174
-0.459989429038405
-0.950638546897430
-1.453788969251516
0.656738384999030
-0.003993959140623
-0.598957438962107
-0.213733427497219
-0.910934237335225
0.117703576398126
0.538955407489391
-1.342839353148486
0.713722856562139
1.044963063164538
-0.409541421259712
0.633580965706729
-2.000306688403678
0.383671615089164
-0.802844726715483
-0.623593435365293
-0.374208482619919
0.548538344637591
-0.405226286698234
-0.686019834201664
-0.229871345559505
-0.776353837100865
0.048648857736499
-1.104098003927612
0.634619400579653
0.771915017917442
-1.094554005325330
0.035125889641642
-0.291590237599158
1.096046377831139
-1.008939995103908
0.474232906831231
-1.593659059224880
0.062853357458873
-1.549885609785222
0.450725394547353
-0.687965335579548
-0.502176005577620
0.402919247934218
0.596758889200152
0.903053064089629
1.977789795117859
0.840075364294922
-1.023921510765388
-0.842584929856817
-0.787616461842297
-0.505407396693941
-0.355838466887629
-0.077950050803880
0.309865853501891
-0.221794723484688
-0.283420756094832
0.419880406278485
-0.033439217389961
0.772833706651930
0.509743449402569
1.411106082996613
0.823446336550512
3.506069607593664
1.112729610965530
-0.182074469760241
-0.101151755059794
0.133054692961284
0.737047423265781
-0.478134289946372
0.554014163427711
0.922186752856831
0.486941896642187
0.595769064236351
-1.185631621168579
1.327508097714692
-0.264921586351139
2.385073483786280
1.919037235093012
1.033543901185935
-1.703918494926948
-0.977517439960865
0.340596060185684
-0.005172925626594
-0.537988088418785
0.595957033744380
0.341509515202960
-0.274224205870294
-0.369391178553820
-0.714981725511367
-0.136540500424560
-1.394982060886669
-0.251909423250066
-0.373874427099267
0.084996164940527
0.643584424925902
-0.169276723997805
0.060880760512000
-0.517006660340586
0.356276904574038
0.971468478313443
0.540238237706122
-0.708968667685895
1.548732782917213
1.042147131882158
0.433856987996296
0.877386585858619
0.875519199797097
0.931490145245414
-0.796449120844262
-0.632829366007747
1.013607953907540
0.338033081781547
0.145967867869358
-0.788769164316697
0.391306648004428
0.811589447408566
0.509182687265736
1.347931312352212
0.216119149369941
0.400539345536631
0.462082770222990
0.438889397369530
0.891252949398488
-0.893958186976652
-0.478300519172288
0.063860577242823
-0.746104555032012
-0.180097759249712
-0.281569998102349
0.587695993388239
-0.740705271335775
-0.868555226603942
-0.387207757373425
-0.607672619471273
0.036986843396036
1.864484232342896
1.508012549334337
0.512349235072209
-0.649247935817541
0.059522491582720
0.712528776485675
1.002160925266950
0.034381817146685
1.816243624905716
0.586909073042482
0.143137363252628
0.060586056954560
-0.933784407056438
0.238363444285145
0.974937179750048
1.290159774870741
0.842034270464929
-0.197951875058697
0.704792076317732
0.593450502017779
-0.126168464670333
-1.329350598387758
-0.327707929766636
-0.732086332570312
0.253776060852646
-3.089311086010825
1.284567504603248
-0.777194393058083
-1.186310842870581
-0.585620080607251
0.191438502158847
0.867185422270206
1.303692717647504
0.118481702985939
0.141123542039544
0.459330138347348
-0.517781583437183
0.276902379638985
-0.448596344538554
-0.118956860381812
-0.526599063945930
0.304499727910190
0.427766060048865
0.130718961341758
0.994596283380006
-0.454685765391954
0.100133933440135
-0.184452556104654
0.174525149247772
0.714900699223296
0.209417658080525
0.311208124540970
-0.685827891745407
0.552674835209322
0.160392724035517
0.568673382824295
1.168675785044214
-1.248910036847264
-1.686544147133010
-0.921150002922846
0.798685207562921
-0.027984775085878
-0.907515612780499
-1.552847162580641
-0.277635444621890
-0.689158969279883
-0.763468953872592
0.513521725318437
1.032410684198707
-1.712124507598049
-1.592928813123334
0.390275283553650
2.314364982350349
1.273483470539423
0.771470491435766
0.565149219592953
0.577455421108190
0.109553871300145
0.918094772010559
1.360496332036519
-0.186837407727234
-0.392565183856754
-0.777207456666492
-1.192187861293401
-0.679516690442527
0.960892443097855
0.578163571909759
2.339064044280152
0.993802565029122
1.526190230558194
0.747550663016641
0.659766157101076
-0.732969829764651
1.427750165833272
-1.598718504316365
0.265797025110800
0.132316938965153
-0.279936873895284
0.459766638955185
0.696115354658727
0.636171065335322
1.936236850241771
0.490761461433062
-0.263716300628759
0.860335039951109
0.749730844179542
0.739854062247254
1.291057865396322
0.419996446288935
0.591039285160037
1.155298194440013
0.228873004962290
-0.356104287326520
-0.837380003374881
0.217117943755216
-0.104218637907903
-0.053938024102194
-0.058270220262817
-0.185890890120484
0.776172275216061
-0.044009920110421
0.395981028708144
1.866415317389900
0.564746094607812
0.506024190358785
-0.084455730698741
0.179655238011648
0.834387819025275
1.605292052725308
-0.246259921960041
0.280402730852355
1.067917553306530
2.213707706211763
1.550624867675586
1.199860748470953
0.711525219864334
0.648546479319395
-0.554060452264903
0.206918604349655
0.409443308337682
0.828869642388514
0.600126802633315
-0.674133561430259
1.026153037457977
0.201569604408875
-0.355336498787591
-0.293928830758320
1.333021909994105
1.862162000695936
-0.383801197142134
-0.201021861093934
0.548113728537388
0.493172482744540
0.041978426436266
0.738804984155545
-0.643675901128677
0.227507850781985
0.581248807863328
1.237962649333532
